[{"id": 0, "img_name": "000000", "width": 4899, "height": 3208, "position": [1.6517983895724841, 1.2905686785733723, -4.590889928092669], "rotation": [[0.9490667457895386, -0.0781441780793511, 0.30523073152741015], [0.049980063820128214, 0.9938283250736543, 0.0990315783062685], [-0.3110856879655366, -0.07873212631192773, 0.9471150653586983]], "fy": 3822.6437684845823, "fx": 3822.6437684845832}, {"id": 1, "img_name": "000001", "width": 4899, "height": 3208, "position": [1.4921089514971084, 1.2496636976279554, -4.376397077636346], "rotation": [[0.9454154552999084, -0.08241258824100212, 0.31527413813931227], [0.053894807568797436, 0.9937120531757693, 0.09814125070692485], [-0.3213797856076038, -0.07579261621435311, 0.9439123437746719]], "fy": 3822.6437684845823, "fx": 3822.6437684845832}, {"id": 2, "img_name": "000002", "width": 4899, "height": 3208, "position": [1.3183195899552311, 1.201889914371887, -4.1433623998216955], "rotation": [[0.9555833124440898, -0.07145386033983972, 0.2859281007891949], [0.0450257853183102, 0.9941706091140786, 0.09796672205505014], [-0.29126141460009897, -0.08074122748804781, 0.9532301099676156]], "fy": 3822.6437684845823, "fx": 3822.6437684845832}, {"id": 3, "img_name": "000003", "width": 4899, "height": 3208, "position": [1.1316247791274971, 1.0030852426756285, -3.5939006295411042], "rotation": [[0.9763364728238692, -0.058110577130927855, 0.20830327088011957], [0.042446554529834646, 0.9959785892673327, 0.07889828724122933], [-0.2120504228771821, -0.0681895193307904, 0.9748768166343088]], "fy": 3822.6437684845823, "fx": 3822.6437684845832}, {"id": 4, "img_name": "000004", "width": 4899, "height": 3208, "position": [0.9043865779626373, 0.7809986499161524, -2.9603364068231888], "rotation": [[0.9748895383081388, -0.05612960611638328, 0.21549908448660185], [0.04143045417557819, 0.9965340496964519, 0.07213463289152262], [-0.21880106390086226, -0.061395074010942366, 0.973836094691012]], "fy": 3822.6437684845823, "fx": 3822.6437684845832}, {"id": 5, "img_name": "000005", "width": 4899, "height": 3208, "position": [0.37467160057734344, 0.5778106623317697, -2.2665515397908864], "rotation": [[0.9710780783580141, -0.07438437479764419, 0.22687955068377133], [0.059591974206661895, 0.995667775722848, 0.07137560505711021], [-0.23120588734428654, -0.055791085068132795, 0.9713038620762616]], "fy": 3822.6437684845823, "fx": 3822.6437684845832}, {"id": 6, "img_name": "000006", "width": 4899, "height": 3208, "position": [0.2577707541350366, 0.2642852484612604, -1.513012241439515], "rotation": [[0.9863524232030259, -0.023725456594788343, 0.16292943242670338], [0.02337741262627696, 0.9997184938403568, 0.004053350770545225], [-0.1629797343856582, -0.0001891637838149792, 0.9866293987088784]], "fy": 3822.6437684845823, "fx": 3822.6437684845832}, {"id": 7, "img_name": "000007", "width": 4899, "height": 3208, "position": [0.0427347216581411, 0.014074968160773116, -0.6620983837111284], "rotation": [[0.9815572063378486, -0.062177244537735994, 0.18077455835358172], [0.06070138898909869, 0.9980620802870902, 0.013690334831544719], [-0.18127545906998022, -0.0024645800251274917, 0.9834292723852934]], "fy": 3822.6437684845823, "fx": 3822.6437684845832}, {"id": 8, "img_name": "000008", "width": 4899, "height": 3208, "position": [-0.32371468207742204, -0.07147325833136212, -0.17374748262596973], "rotation": [[0.989741225456318, -0.043253952714552346, 0.13616681756872046], [0.040223942458212085, 0.9988797172271142, 0.024926792120105075], [-0.13709245451644805, -0.019193907545045606, 0.9903722799169047]], "fy": 3822.6437684845823, "fx": 3822.6437684845832}, {"id": 9, "img_name": "000009", "width": 4899, "height": 3208, "position": [-0.4167538673206555, -0.2967563108892896, 0.47613932985549307], "rotation": [[0.9940848075133105, -0.03144745914585336, 0.1039540897920529], [0.0278203931008635, 0.9989587313761658, 0.03615907541731283], [-0.10498295670697094, -0.03305314388362133, 0.9939245788692775]], "fy": 3822.6437684845823, "fx": 3822.6437684845832}, {"id": 10, "img_name": "000010", "width": 4899, "height": 3208, "position": [-0.35298786680034955, -0.5697056570301947, 1.191479838595681], "rotation": [[0.9999302763929491, -0.006277591739823279, 0.01000170958727254], [0.0061485176238123725, 0.9998980925879966, 0.012884105320736014], [-0.010081571492069357, -0.012821711306773833, 0.9998669739697457]], "fy": 3822.6437684845823, "fx": 3822.6437684845832}, {"id": 11, "img_name": "000011", "width": 4899, "height": 3208, "position": [0.16103553647430977, -0.7727122311520918, 1.6952682263340966], "rotation": [[0.98189214154664, 0.04371292343287997, -0.18432851839556494], [-0.04490193092991954, 0.998988799528089, -0.002279257816093241], [0.18404249228837802, 0.01051469173959277, 0.9828620464184705]], "fy": 3822.6437684845823, "fx": 3822.6437684845832}, {"id": 12, "img_name": "000012", "width": 4899, "height": 3208, "position": [0.6442574447981176, -0.8515581734017089, 2.1123642709906214], "rotation": [[0.9126740009603803, 0.12466695956339656, -0.38920986262451024], [-0.10970907445352701, 0.9921194307687318, 0.06052234359043025], [0.39368780391767555, -0.012537315675457385, 0.9191587070588689]], "fy": 3822.6437684845823, "fx": 3822.6437684845832}, {"id": 13, "img_name": "000013", "width": 4899, "height": 3208, "position": [1.0251841548041223, -1.017285035434331, 2.5209955608436574], "rotation": [[0.7407873484278156, 0.22555354170613684, -0.6327398392966135], [-0.18776794581730147, 0.9739233324155523, 0.12734418361329475], [0.6449630244694939, 0.02447329974489704, 0.7638218081900775]], "fy": 3822.6437684845823, "fx": 3822.6437684845832}, {"id": 14, "img_name": "000014", "width": 4899, "height": 3208, "position": [1.3177932137886463, -1.0711682465888082, 2.603698422291309], "rotation": [[0.4551851330081782, 0.31118411320122796, -0.8342487293244697], [-0.2541488985261459, 0.9433697107019737, 0.21321802528871966], [0.8533550445543016, 0.114969720453864, 0.508494966850692]], "fy": 3822.6437684845823, "fx": 3822.6437684845832}, {"id": 15, "img_name": "000015", "width": 4899, "height": 3208, "position": [0.9167897020927998, -1.0945223822583918, 2.88239510386949], "rotation": [[0.12421973437487224, 0.3898684150420807, -0.9124538763928901], [-0.3404500516598586, 0.8805005879736523, 0.3298673625911664], [0.9320210404903073, 0.26966893319518354, 0.2421062711966295]], "fy": 3822.6437684845823, "fx": 3822.6437684845832}, {"id": 16, "img_name": "000016", "width": 4899, "height": 3208, "position": [0.5555731335568926, -1.1923595436835597, 3.251422951706608], "rotation": [[-0.1391132957911585, 0.2834571661279835, -0.9488411489310599], [-0.29778229633476055, 0.9018371534538222, 0.3130741967008843], [0.9444433254164688, 0.3261008795158331, -0.04104901284174335]], "fy": 3822.6437684845823, "fx": 3822.6437684845832}, {"id": 17, "img_name": "000017", "width": 4899, "height": 3208, "position": [0.16794483450271586, -1.3520473243861328, 3.913935287666809], "rotation": [[-0.24247591105563024, 0.2832168347775977, -0.9278974388671952], [-0.2779904610859947, 0.8960513925233657, 0.34614044187603005], [0.9294765925524631, 0.34187735586829415, -0.1385392992676289]], "fy": 3822.6437684845823, "fx": 3822.6437684845832}, {"id": 18, "img_name": "000018", "width": 4899, "height": 3208, "position": [-0.47467996685041697, -1.485380860652219, 4.402572347250479], "rotation": [[-0.320877268095171, 0.28176416680481114, -0.9042382059637658], [-0.262345762025865, 0.8909251513563904, 0.37071158037976265], [0.9100618000810973, 0.35617598035996695, -0.2119579935925241]], "fy": 3822.6437684845823, "fx": 3822.6437684845832}, {"id": 19, "img_name": "000019", "width": 4899, "height": 3208, "position": [-0.8626948017833859, -1.602879492699001, 4.841339983990925], "rotation": [[-0.6393561123635216, 0.2198016954150475, -0.7368249291901531], [-0.21968136423987866, 0.8661107458760221, 0.44899028283893433], [0.7368608143938101, 0.448931387375344, -0.5054668630485476]], "fy": 3822.6437684845823, "fx": 3822.6437684845832}, {"id": 20, "img_name": "000020", "width": 4899, "height": 3208, "position": [-1.3296478336016206, -1.630886953272057, 5.024860992987315], "rotation": [[-0.9130190051401086, 0.12935087859633126, -0.38686515281079986], [-0.10573528891038511, 0.8409315946383311, 0.5307109399834063], [0.3939750562307261, 0.5254544731424319, -0.754109575408379]], "fy": 3822.6437684845823, "fx": 3822.6437684845832}, {"id": 21, "img_name": "000021", "width": 4899, "height": 3208, "position": [-1.6323308219230421, -1.568733574338196, 4.88662536197549], "rotation": [[-0.9976822861172191, 0.061688254587386054, -0.0287161141849235], [0.03531763880407816, 0.8301835710043898, 0.5563702929018621], [0.05816115849279823, 0.5540666004013967, -0.8304381265105878]], "fy": 3822.6437684845823, "fx": 3822.6437684845832}, {"id": 22, "img_name": "000022", "width": 4899, "height": 3208, "position": [-2.144110939573068, -1.443294968992504, 4.531330165944381], "rotation": [[-0.9721848360873113, 0.00540991455170879, 0.2341524659413822], [0.1256285028560074, 0.85579541210739, 0.5018283490259402], [-0.19767175759841132, 0.5172861349780079, -0.8326709619096058]], "fy": 3822.6437684845823, "fx": 3822.6437684845832}, {"id": 23, "img_name": "000023", "width": 4899, "height": 3208, "position": [-2.4230633115657114, -1.2903523025839088, 4.192009712932064], "rotation": [[-0.9058945565134299, -0.052190417888700505, 0.4202751631490232], [0.16272945341442602, 0.8732970248983892, 0.45920739464327476], [-0.39099127544074097, 0.48438462670095644, -0.7826221028983251]], "fy": 3822.6437684845823, "fx": 3822.6437684845832}, {"id": 24, "img_name": "000024", "width": 4899, "height": 3208, "position": [-2.4938791099441273, -1.0719525834615709, 3.5639688117197554], "rotation": [[-0.812484940458089, -0.08226992969093615, 0.5771480574319412], [0.22172336736273862, 0.8719899705942058, 0.43643125409214695], [-0.5391724862176694, 0.48256103225578056, -0.690237553494514]], "fy": 3822.6437684845823, "fx": 3822.6437684845832}, {"id": 25, "img_name": "000025", "width": 4899, "height": 3208, "position": [-2.629704802122039, -0.8553976607655727, 2.8550119674150074], "rotation": [[-0.6290357384324232, -0.14865772758532012, 0.7630300910212814], [0.24600331417208113, 0.8930354260725976, 0.3767891946376467], [-0.7374255278949384, 0.42472180048651004, -0.5251809050226109]], "fy": 3822.6437684845823, "fx": 3822.6437684845832}, {"id": 26, "img_name": "000026", "width": 4899, "height": 3208, "position": [-2.436331887592845, -0.680398561263281, 2.3071574806027555], "rotation": [[-0.4450257074386435, -0.16211231466328574, 0.8807222701585592], [0.24976088309448854, 0.9219850120902825, 0.2959106938870966], [-0.8599835004199767, 0.3516578378415495, -0.36981771738251035]], "fy": 3822.6437684845823, "fx": 3822.6437684845832}, {"id": 27, "img_name": "000027", "width": 4899, "height": 3208, "position": [-2.112359387718152, -0.4234683020263773, 1.7612914147873135], "rotation": [[-0.4559091466834191, -0.1892328051902591, 0.8696768338930396], [0.28397075230189645, 0.8951386375486823, 0.3436385185112169], [-0.8435090170279697, 0.4036307285221412, -0.3543653103581019]], "fy": 3822.6437684845823, "fx": 3822.6437684845832}, {"id": 28, "img_name": "000028", "width": 4899, "height": 3208, "position": [-1.6618284669708616, -0.24270931875705004, 1.1154765928190304], "rotation": [[-0.43007929967639213, -0.17125356429487684, 0.8863994656508799], [0.2987056955682978, 0.899549292664785, 0.31872555200570973], [-0.8519428991575221, 0.40184983113420053, -0.3357231147724133]], "fy": 3822.6437684845823, "fx": 3822.6437684845832}, {"id": 29, "img_name": "000029", "width": 4899, "height": 3208, "position": [-1.2850993949091234, -0.06334687478630119, 0.5726923273074236], "rotation": [[-0.3903965409741722, -0.1790285145210569, 0.9030721631097841], [0.3134626554843273, 0.8964544921878034, 0.3132259680374885], [-0.8656394771566941, 0.40536173280749077, -0.2938539793216915]], "fy": 3822.6437684845823, "fx": 3822.6437684845832}, {"id": 30, "img_name": "000030", "width": 4899, "height": 3208, "position": [-0.7535355677860597, 0.1035643643166065, -0.02145698149928075], "rotation": [[-0.36633721060189056, -0.19100834929416277, 0.9106661620090782], [0.3206943891719202, 0.8928197244425551, 0.3162721113218314], [-0.873471325735467, 0.40790777161784875, -0.26581778151900587]], "fy": 3822.6437684845823, "fx": 3822.6437684845832}, {"id": 31, "img_name": "000031", "width": 4899, "height": 3208, "position": [-0.6977783423477217, 0.8775035633437631, -1.621614670795068], "rotation": [[-0.0951531303497774, -0.2509034932966607, 0.9633240985442911], [0.32688020730424155, 0.9061789978966092, 0.26830757321371596], [-0.9402633736657908, 0.3404218865211666, -0.0042103824049158954]], "fy": 3822.6437684845823, "fx": 3822.6437684845832}, {"id": 32, "img_name": "000032", "width": 4899, "height": 3208, "position": [-0.44676391803841886, 1.0298144228562476, -2.131554329875228], "rotation": [[0.0730117996295503, -0.25126669334407586, 0.9651602591957402], [0.35493069272314437, 0.9109326239308058, 0.2102996862137609], [-0.9320372741891405, 0.32721064083319723, 0.15569109174132323]], "fy": 3822.6437684845823, "fx": 3822.6437684845832}, {"id": 33, "img_name": "000033", "width": 4899, "height": 3208, "position": [-0.05113810216135707, 1.280559476611761, -2.994094095724131], "rotation": [[0.20280632537853538, -0.18809864784249442, 0.9609830867743101], [0.3458136706429971, 0.9319007256400533, 0.10942551232669133], [-0.9161236268009204, 0.31012890260562204, 0.2540424456380473]], "fy": 3822.6437684845823, "fx": 3822.6437684845832}, {"id": 34, "img_name": "000034", "width": 4899, "height": 3208, "position": [0.424565553197099, 1.4436480872337116, -3.6930950291837705], "rotation": [[0.36308635288791213, -0.16609962701148515, 0.9168310718192307], [0.3276861198277699, 0.9438865939559594, 0.04122989961712681], [-0.8722328285605712, 0.285462802580062, 0.39714088321949637]], "fy": 3822.6437684845823, "fx": 3822.6437684845832}, {"id": 35, "img_name": "000035", "width": 4899, "height": 3208, "position": [0.9299110925123851, 1.5909250369087204, -4.215540973084826], "rotation": [[0.5291484203982421, -0.16310652119993294, 0.8327053572135231], [0.2993240381386747, 0.9541457638691593, -0.0033138320560174676], [-0.7939817815179403, 0.2510022390987661, 0.5537064263533551]], "fy": 3822.6437684845823, "fx": 3822.6437684845832}, {"id": 36, "img_name": "000036", "width": 4899, "height": 3208, "position": [1.5817152775675665, 1.676403371094176, -4.6668809961487], "rotation": [[0.8100154637294789, -0.1308703442208178, 0.5716186679270039], [0.20894660446788668, 0.9752122775514263, -0.0728171009742944], [-0.5479199439703377, 0.17842075752693326, 0.817281939285983]], "fy": 3822.6437684845823, "fx": 3822.6437684845832}, {"id": 37, "img_name": "000037", "width": 4899, "height": 3208, "position": [2.212185757141344, 1.6521167224028308, -4.483685501655206], "rotation": [[0.973786183666563, -0.06526797114001733, 0.2179003452116969], [0.09432586714128731, 0.9875700941858477, -0.12572962999150253], [-0.2069857465821138, 0.14298741557571346, 0.9678385710947995]], "fy": 3822.6437684845823, "fx": 3822.6437684845832}, {"id": 38, "img_name": "000038", "width": 4899, "height": 3208, "position": [2.49671792095371, 1.779945126022512, -4.345950125741208], "rotation": [[0.9757544171124761, -0.0704481280530723, 0.2072206040414662], [0.10212388500486222, 0.9839444421074462, -0.14636955611526611], [-0.19358210040446885, 0.16398291404803209, 0.9672825721077113]], "fy": 3822.6437684845823, "fx": 3822.6437684845832}, {"id": 39, "img_name": "000039", "width": 4899, "height": 3208, "position": [2.0217444369314057, 2.2683254254026544, -3.769095339258164], "rotation": [[0.9490895333971229, -0.030284493428458206, 0.3135472963586407], [0.07407248872239997, 0.988913689462699, -0.12869724630986668], [-0.3061736827529459, 0.14537043802319038, 0.9408108799001231]], "fy": 3822.6437684845823, "fx": 3822.6437684845832}, {"id": 40, "img_name": "000040", "width": 4899, "height": 3208, "position": [1.299037041653978, 2.5798304708213187, -3.312469018072427], "rotation": [[0.937038370738081, -0.049099914593122955, 0.3457575597893278], [0.07624794093879417, 0.994944985752538, -0.06535079822371254], [-0.34080103178704835, 0.08759950749193895, 0.9360453958115775]], "fy": 3822.6437684845823, "fx": 3822.6437684845832}]